g,p1,p2,p3,p4,p5,p6,p7
0,14,5,13,10,17,14,10
14,0,7,19,19,7,20,12
5,7,0,8,6,9,19,5
13,19,8,0,16,9,13,20
10,19,6,16,0,15,6,17
17,7,9,9,15,0,15,12
14,20,19,13,6,15,0,5
10,12,5,20,17,12,5,0
