g,p1,p2,p3,p4,p5,p6,p7
0,16,15,24,29,24,30,25
16,0,30,27,28,19,29,21
15,30,0,25,21,24,27,24
24,27,25,0,17,14,25,18
29,28,21,17,0,16,18,22
24,19,24,14,16,0,23,19
30,29,27,25,18,23,0,15
25,21,24,18,22,19,15,0
