g,p1,p2,p3,p4,p5,p6,p7
0,19,9,14,10,17,5,19
19,0,17,15,13,7,10,10
9,17,0,16,18,11,18,5
14,15,16,0,6,6,15,9
10,13,18,6,0,14,14,15
17,7,11,6,14,0,6,19
5,10,18,15,14,6,0,11
19,10,5,9,15,19,11,0
