g,p1,p2,p3,p4,p5,p6,p7
0,23,24,16,25,26,30,18
23,0,15,26,25,17,31,30
24,15,0,18,29,19,23,29
16,26,18,0,32,19,16,21
25,25,29,32,0,25,24,31
26,17,19,19,25,0,16,28
30,31,23,16,24,16,0,28
18,30,29,21,31,28,28,0
