g,p1,p2,p3,p4,p5,p6,p7
0,14,7,10,11,14,17,20
14,0,16,10,20,20,12,10
7,16,0,5,12,16,8,19
10,10,5,0,6,8,8,16
11,20,12,6,0,16,8,11
14,20,16,8,16,0,18,8
17,12,8,8,8,18,0,20
20,10,19,16,11,8,20,0
