g,p1,p2,p3,p4,p5,p6,p7
0,24,20,24,25,30,22,25
24,0,13,13,27,14,28,12
20,13,0,29,12,19,23,23
24,13,29,0,29,17,21,30
25,27,12,29,0,25,11,11
30,14,19,17,25,0,27,24
22,28,23,21,11,27,0,12
25,12,23,30,11,24,12,0
