0,1,2,3,4,5
0,22,23,16,29,16
22,0,15,22,22,17
23,15,0,24,20,16
16,22,24,0,17,19
29,22,20,17,0,32
16,17,16,19,32,0
