g,p1,p2,p3,p4,p5,p6,p7
0,24,14,10,18,20,15,17
24,0,27,13,29,26,29,17
14,27,0,16,24,22,15,13
10,13,16,0,18,24,29,16
18,29,24,18,0,23,14,28
20,26,22,24,23,0,14,11
15,29,15,29,14,14,0,24
17,17,13,16,28,11,24,0
