g,p1,p2,p3,p4,p5,p6,p7
0,13,22,19,11,21,23,18
13,0,23,11,11,22,26,12
22,23,0,22,18,30,24,12
19,11,22,0,15,17,25,22
11,11,18,15,0,17,10,16
21,22,30,17,17,0,25,29
23,26,24,25,10,25,0,25
18,12,12,22,16,29,25,0
