g,p1,p2,p3,p4,p5,p6,p7
0,24,25,25,21,26,26,24
24,0,25,27,23,19,24,29
25,25,0,18,28,23,33,30
25,27,18,0,31,30,15,19
21,23,28,31,0,33,17,28
26,19,23,30,33,0,33,20
26,24,33,15,17,33,0,34
24,29,30,19,28,20,34,0
