g,p1,p2,p3,p4,p5,p6,p7
0,12,12,7,14,7,6,17
12,0,15,14,6,19,15,6
12,15,0,12,16,18,10,15
7,14,12,0,7,15,9,11
14,6,16,7,0,11,12,8
7,19,18,15,11,0,18,13
6,15,10,9,12,18,0,18
17,6,15,11,8,13,18,0
