g,p1,p2,p3,p4,p5,p6,p7
0,19,28,12,20,13,27,14
19,0,22,29,10,10,15,12
28,22,0,14,22,27,18,17
12,29,14,0,17,21,26,24
20,10,22,17,0,17,13,26
13,10,27,21,17,0,10,18
27,15,18,26,13,10,0,18
14,12,17,24,26,18,18,0
