g,p1,p2,p3,p4,p5,p6,p7
0,20,15,20,12,13,8,18
20,0,12,7,15,7,16,10
15,12,0,6,10,7,14,14
20,7,6,0,17,7,8,6
12,15,10,17,0,12,13,13
13,7,7,7,12,0,15,15
8,16,14,8,13,15,0,15
18,10,14,6,13,15,15,0
