g,p1,p2,p3,p4,p5,p6,p7
0,25,30,26,26,22,23,26
25,0,24,12,17,25,11,12
30,24,0,14,25,27,23,27
26,12,14,0,25,11,12,30
26,17,25,25,0,25,17,23
22,25,27,11,25,0,24,12
23,11,23,12,17,24,0,20
26,12,27,30,23,12,20,0
