g,p1,p2,p3,p4,p5,p6,p7
0,14,8,16,5,6,16,13
14,0,5,15,5,5,12,13
8,5,0,12,15,16,9,19
16,15,12,0,18,9,7,6
5,5,15,18,0,11,15,15
6,5,16,9,11,0,20,5
16,12,9,7,15,20,0,5
13,13,19,6,15,5,5,0
