g,p1,p2,p3,p4,p5,p6,p7
0,15,21,15,23,27,10,15
15,0,13,16,15,28,25,30
21,13,0,12,13,28,24,13
15,16,12,0,10,22,12,25
23,15,13,10,0,23,12,13
27,28,28,22,23,0,18,20
10,25,24,12,12,18,0,21
15,30,13,25,13,20,21,0
