g,p1,p2,p3,p4,p5,p6,p7
0,6,9,19,8,8,9,8
6,0,6,12,18,11,19,18
9,6,0,13,12,12,5,12
19,12,13,0,11,6,20,7
8,18,12,11,0,7,12,12
8,11,12,6,7,0,7,8
9,19,5,20,12,7,0,5
8,18,12,7,12,8,5,0
