g,p1,p2,p3,p4,p5,p6,p7
0,25,23,29,28,10,14,20
25,0,25,28,20,15,16,19
23,25,0,22,16,22,17,16
29,28,22,0,22,19,16,23
28,20,16,22,0,17,24,26
10,15,22,19,17,0,10,26
14,16,17,16,24,10,0,17
20,19,16,23,26,26,17,0
