0,1,2,3,4,5,6,7
0,17,26,23,20,32,20,24
17,0,28,19,16,16,20,16
26,28,0,21,22,18,20,29
23,19,21,0,23,24,17,25
20,16,22,23,0,23,19,15
32,16,18,24,23,0,16,27
20,20,20,17,19,16,0,27
24,16,29,25,15,27,27,0
