0,1,2,3,4,5,6,7
0,29,18,17,22,21,27,27
29,0,31,30,19,19,18,20
18,31,0,33,31,21,24,18
17,30,33,0,31,17,23,19
22,19,31,31,0,19,34,16
21,19,21,17,19,0,27,17
27,18,24,23,34,27,0,22
27,20,18,19,16,17,22,0
