0,1,2,3,4,5,6,7
0,23,18,15,21,25,33,29
23,0,20,34,34,20,17,28
18,20,0,33,23,31,20,28
15,34,33,0,28,23,25,28
21,34,23,28,0,18,31,31
25,20,31,23,18,0,26,22
33,17,20,25,31,26,0,17
29,28,28,28,31,22,17,0
